uses graphabc;
begin;
line (200,250,300,250);
line (200,350,300,350);
line (300,250,300,350);
line (200,250,200,350);

line (300,250,240,230);
line (310,190,250,170);
line (300,250,310,190);
line (240,230,250,170);

line (320,195,270,170);
line (340,145,290,120);
line (320,195,340,145);
line (270,170,290,120);

line (350,150,330,127);
line (370,130,350,107);
line (350,150,370,130);
line (330,127,350,107);

line (390,145,367,127);
line (409,125,386,107);
line (390,145,409,125);
line (367,127,386,107);
end.
